1.725014575038369458e+01 5.418704052008264682e+01 7.357070104004430178e+00
1.436733776463880119e+01 4.696860755070411386e+01 7.001218882418162259e+00
1.459129484113644892e+01 4.440464523157434940e+01 6.243594318366222140e+00
1.370190535985008040e+01 5.120973399192247655e+01 6.503661750557570009e+00
1.691819293444400429e+01 5.639241279557639075e+01 7.677829290058633127e+00
1.534704938784689432e+01 5.814847173766138866e+01 6.846809137194791006e+00
1.307993732777285878e+01 5.245611186695931139e+01 5.312095612995731742e+00
1.776132649635297867e+01 5.500976732520169321e+01 6.255343943933890039e+00
1.759663364217180259e+01 5.893512043071601170e+01 7.226663949813648458e+00
1.976360003109061125e+01 5.394857016931081262e+01 7.515847552337877602e+00
1.494018917729999529e+01 5.967749675585525893e+01 7.133708732093092308e+00
1.752815016066863407e+01 5.551014806290805836e+01 6.040526432045785654e+00
1.917530574588286285e+01 5.850809835792468760e+01 5.638654532547455744e+00
1.980685818128172215e+01 4.785428269370922294e+01 5.208366090197108278e+00
1.321033600320174095e+01 4.089587778620598613e+01 6.658387009930239131e+00
1.470191558931620435e+01 5.920417387365660744e+01 6.735583594803488339e+00
1.402205802004022850e+01 4.862008250546356436e+01 7.190004589876244800e+00
1.618214843079880083e+01 4.007102520749928942e+01 5.966757457170398737e+00
1.714243587120555645e+01 5.707309032299267670e+01 5.827054211223082980e+00
1.993421560166811446e+01 4.528673433395744752e+01 5.794273496323201655e+00
1.622135472408623613e+01 4.117630126461895657e+01 5.171738194675940647e+00
1.933318179882554588e+01 5.345509389333313521e+01 5.372321029967100259e+00
1.634965170507378218e+01 4.756534996731246423e+01 6.598459108271603313e+00
1.578548635531212341e+01 5.326180510906016252e+01 7.779573567813768520e+00
1.666262304452531495e+01 5.092202017137822168e+01 7.847084862915546744e+00
1.869511992982278770e+01 5.623546874741110457e+01 6.616904174263654959e+00
1.507756994771252579e+01 4.907203393029786298e+01 7.866784322983630062e+00
1.787099458636009786e+01 4.939532653844465671e+01 5.541651354004614838e+00
1.860937297020751657e+01 4.263665071307478627e+01 6.063882032470177208e+00
1.959957620036758996e+01 4.294624274032213407e+01 7.474947761244831845e+00
1.489304923345284415e+01 4.310122654164075584e+01 6.327692186221298698e+00
1.428826187818150650e+01 5.789949597028403616e+01 5.418485870344055932e+00
1.683515034137932531e+01 5.297078336022796918e+01 7.344099704893974234e+00
1.560907383680043914e+01 5.669713976976413505e+01 5.265014643309462450e+00
1.811858104112451429e+01 4.701027454088409030e+01 7.561062454801710686e+00
1.517474636812061028e+01 5.485021283261873748e+01 5.086387921907742360e+00
1.605618411204424589e+01 4.603246586781872196e+01 7.627211185508319780e+00
1.905125997080535072e+01 5.056468112528311565e+01 6.971039021552905446e+00
1.708788661477336035e+01 5.438112857196920658e+01 7.062074023508239762e+00
1.887578211809501028e+01 4.585596898674162958e+01 6.918634557964877807e+00
1.923843933492909386e+01 4.811671779948172656e+01 7.995777783943005090e+00
1.359023827714893251e+01 4.998612860871270414e+01 5.875300459037774203e+00
1.799551271977350808e+01 4.895182527037798081e+01 6.494829851613872052e+00
1.646202911115144474e+01 5.194313567715437330e+01 7.403743994081160018e+00
1.380245726150798902e+01 5.221771006515505320e+01 5.720454225425928740e+00
1.456102901891756574e+01 4.368048026225284985e+01 6.125884828152854844e+00
1.829013029204805107e+01 4.497242333335918829e+01 7.275667083458092321e+00
1.346590822431966039e+01 4.135405784834167520e+01 6.421413597381196325e+00
1.844156639261107955e+01 4.224434144563603866e+01 7.933421550132872646e+00
1.820477555878079201e+01 5.952036284656497855e+01 5.948919396005983629e+00
1.539342556743485346e+01 4.336794640938674661e+01 6.892987545550069761e+00
1.554058315273065105e+01 4.429714141962151785e+01 6.766387995348009277e+00
1.950480395900262209e+01 4.178019245510269997e+01 5.563650269285655980e+00
1.736642644010152381e+01 4.663075301801470118e+01 5.454199407743119288e+00
1.419003858171982557e+01 5.165419581460793808e+01 5.672257376530425610e+00
1.880042998916657737e+01 4.539007008562252565e+01 6.359587426396784871e+00
1.337031760139683989e+01 4.034903353497675482e+01 5.135454108092994296e+00
1.658609172538553267e+01 5.758134496981080019e+01 5.003197821497551878e+00
1.396629369576634616e+01 5.031836312686922241e+01 7.728245146999848103e+00
1.583688189309087591e+01 5.570277424458168980e+01 6.162569599027152734e+00
